 449
120.036644 52.770517
120.288307 52.864796
120.828711 53.269662
121.093817 53.306175
121.250409 53.282063
121.49699 53.333008
121.667177 53.248453
121.803149 53.059491
121.610267 52.845242
121.203056 52.588836
121.652511 52.438686
121.715345 52.317579
121.868163 52.285566
121.947653 52.298392
122.166984 52.514578
122.459157 52.369301
122.496835 52.292081
122.780655 52.253975
122.757669 52.171293
122.629559 52.129823
122.828517 51.62707
122.873373 51.461287
122.995087 51.318228
123.272904 51.25426
123.560856 51.289148
123.919596 51.304616
124.233653 51.346683
124.403836 51.273565
124.867612 51.380541
125.062839 51.542464
125.105542 51.648599
125.354024 51.612534
125.754344 51.230124
125.983115 51.123249
126.032988 50.925152
125.898788 50.8569
125.801835 50.720794
125.799893 50.536777
125.509651 50.406494
125.46157 50.232596
125.36674 50.140641
125.292048 50.00742
125.208451 49.81136
125.17463 49.6216
125.228049 49.52957
125.273547 49.360663
125.216217 49.188985
125.118668 49.130206
125.025414 49.175613
124.857105 49.159518
124.808824 49.110006
124.641802 48.800739
124.536307 48.428572
124.577377 48.259493
124.509146 48.126181
124.473597 48.129449
124.313822 48.367978
124.304378 48.515941
124.268836 48.528611
124.002413 48.377828
123.56054 48.034459
123.186075 47.803735
122.589363 47.546461
122.516453 47.425702
122.397195 47.344396
122.604251 47.137228
122.838102 47.056204
122.892722 46.959587
122.895017 46.817488
123.008903 46.727658
123.156308 46.742061
123.218371 46.848089
123.360664 46.864056
123.377949 46.952012
123.531163 46.955739
123.498372 46.826287
123.560569 46.824263
123.616321 46.728595
123.597961 46.691264
123.274876 46.657417
123.223779 46.589556
123.052421 46.602905
123.038634 46.590111
123.003828 46.55781
123.006417 46.531674
122.990711 46.503186
123.015657 46.438379
123.172309 46.25304
123.116591 46.143858
122.807834 46.073347
122.808959 45.785135
122.718402 45.694472
122.533229 45.784323
122.431174 45.907356
122.259181 45.805175
121.848525 46.022228
121.791076 46.008294
121.823087 45.936028
121.755221 45.801464
121.631114 45.756248
121.756791 45.685015
121.962639 45.702688
121.995851 45.649986
121.970131 45.561899
122.025853 45.486203
122.169561 45.426029
122.087438 44.915397
122.038131 44.885118
122.089775 44.80214
122.10756 44.619663
122.209993 44.544424
122.22127 44.478985
122.298437 44.450191
122.287715 44.260553
122.467726 44.231546
123.144268 44.506227
123.140248 44.357976
123.222353 44.315896
123.296984 44.196315
123.46647 43.877364
123.537144 43.641692
123.349462 43.565156
123.334046 43.489487
123.441823 43.42853
123.607692 43.369234
123.702972 43.373274
123.615263 43.043464
123.461896 43.040829
123.249007 42.992069
123.237842 42.840536
122.851041 42.725144
122.421599 42.851071
122.342888 42.819015
122.44612 42.768162
122.396499 42.689721
121.985569 42.702902
121.387428 42.475397
121.108447 42.282579
120.466807 42.105374
120.281248 41.930134
120.096197 41.697066
120.032537 41.715429
119.841704 42.110434
119.836883 42.214877
119.606183 42.257403
119.501245 42.388913
119.235019 42.204995
119.380611 42.092005
119.288114 41.786418
119.326153 41.639264
119.36361 41.551395
119.322413 41.405683
119.202304 41.282844
118.524929 41.35461
118.35797 41.329819
118.33577 41.441623
118.275224 41.47765
118.135524 41.72987
118.158446 41.80861
118.284785 41.76766
118.33306 41.84282
118.271849 42.00904
118.185005 42.030833
118.131178 42.04802
118.101286 42.104318
118.091801 42.182106
117.984073 42.22873
118.050664 42.306101
118.002172 42.41256
117.799254 42.613842
117.485089 42.594035
117.377435 42.462769
117.102038 42.482178
116.901622 42.373066
116.917694 42.2128
116.809512 42.199168
116.809467 42.156374
116.884909 42.109339
116.855847 41.999884
116.564867 41.929108
116.497953 41.977989
116.36981 42.009591
116.311009 41.997695
116.057495 41.7731
116.0002 41.776541
115.905658 41.942965
115.831154 41.934596
115.352846 41.712048
115.220027 41.622747
115.113295 41.628404
114.873127 41.607383
114.885408 41.784947
114.936594 41.849169
114.901606 41.993377
114.82045 42.063143
114.853937 42.137454
114.804975 42.166548
114.7558 42.104481
114.522812 42.115705
114.477201 41.955537
114.354705 41.931812
114.214099 41.796187
114.227556 41.505578
114.02839 41.521104
113.885101 41.453705
113.872091 41.418
113.93665 41.362446
113.912952 41.305455
114.003251 41.228768
113.976351 41.175683
113.84968 41.112439
113.823133 41.099185
113.845402 41.083068
113.956256 40.997059
114.125768 40.747031
114.068031 40.710001
114.043245 40.610263
114.07287 40.538125
113.857608 40.456926
113.794802 40.517985
113.524697 40.338985
113.319739 40.321238
113.248649 40.413083
113.046998 40.370749
112.902235 40.330479
112.855634 40.220816
112.749549 40.168657
112.464561 40.297934
112.327418 40.255827
111.980189 39.798732
111.932268 39.629329
111.755256 39.594173
111.46835 39.652874
111.341741 39.42245
111.220553 39.430566
111.129437 39.377192
111.076442 39.421487
110.992895 39.49398
110.881735 39.498864
110.714375 39.283308
110.613053 39.259989
110.400918 39.320454
110.15387 39.463485
110.12741 39.418305
110.203688 39.304602
110.09033 39.236707
109.952625 39.184396
109.878386 39.100859
109.721807 39.06676
109.668687 38.922011
109.569023 38.810983
109.432227 38.805236
109.339856 38.71211
109.16381 38.561063
109.051412 38.44127
108.982899 38.347415
108.944574 38.191841
109.058211 38.084429
109.050623 38.022565
108.948399 37.922341
108.789755 37.690818
108.603026 37.651535
108.539481 37.68904
108.361297 37.670731
108.154897 37.618767
108.039756 37.661568
107.957341 37.796323
107.67506 37.874449
107.430812 37.942049
107.422237 38.008382
107.324979 38.09007
107.158557 38.159349
106.994554 38.123584
106.819252 38.159614
106.677866 38.330622
106.675942 38.543929
106.697645 38.716143
106.969809 38.967745
106.965935 39.053209
106.874928 39.089402
106.83528 39.181686
106.771593 39.362694
106.643389 39.369662
106.568954 39.332608
106.487544 39.292081
106.307022 39.269722
106.147994 39.154484
106.085318 38.994005
105.971588 38.909652
105.853911 38.621425
105.832323 38.383996
105.864346 38.282619
105.769347 38.139091
105.837084 38.012471
105.765887 37.805071
105.62981 37.765006
105.585517 37.699733
105.209603 37.671206
105.004482 37.550847
104.410515 37.513773
104.327438 37.441937
104.284647 37.429941
104.184842 37.408631
103.67145 37.786149
103.41206 37.856854
103.374275 38.040946
103.370806 38.091051
103.539322 38.152279
103.415473 38.405011
103.866657 38.641035
104.034781 38.891824
104.177124 38.942159
104.204456 39.101604
104.057466 39.304488
104.094105 39.418864
103.836746 39.458534
103.36814 39.348002
102.993646 39.104105
102.61538 39.18112
102.457892 39.254913
101.825216 39.100906
102.082687 38.897613
101.773855 38.67079
101.614252 38.667344
100.852636 39.013732
100.853831 39.386249
100.498143 39.400912
100.498924 39.477819
100.244419 39.690294
99.754211 39.887095
99.466817 39.881073
99.617157 40.059873
100.235758 40.599571
100.214219 40.742528
100.08808 40.887922
99.674024 40.930037
99.180726 40.865976
98.870657 40.754532
98.64284 40.543352
98.263787 40.528675
98.330069 40.916862
97.970995 41.103226
97.61239 41.464753
97.832992 41.671222
97.163863 42.792995
98.195396 42.653304
99.512418 42.568387
99.969108 42.647865
100.34929 42.6896
100.862759 42.671242
101.808468 42.499862
102.07051 42.232247
102.44899 42.144062
102.712017 42.152803
103.418502 41.882359
104.524287 41.661916
104.90788 41.656011
105.009684 41.583215
105.719318 41.940308
106.785906 42.291466
107.574543 42.413035
107.926524 42.404623
108.2381 42.460344
108.830385 42.406135
109.042862 42.457038
109.291583 42.435784
109.544242 42.47235
109.7335 42.579102
110.095948 42.644143
110.437191 42.781389
111.020526 43.330043
111.447226 43.490453
111.555139 43.490703
111.794261 43.671906
111.950835 43.693112
111.959975 43.823205
111.884091 43.923678
111.662998 44.061196
111.534184 44.262085
111.416015 44.357165
111.56103 44.565846
111.62465 44.778368
111.764522 44.969337
112.002761 45.090785
112.428788 45.074722
112.739992 44.87057
113.612285 44.748135
113.902846 44.900181
114.116785 44.956919
114.459702 45.213397
114.551156 45.387578
114.745125 45.438314
114.964787 45.378245
115.36467 45.39236
115.699676 45.459537
115.936665 45.632925
116.21745 45.722343
116.28105 45.816055
116.27171 45.966749
116.585242 46.292317
116.826591 46.380501
117.363439 46.361759
117.44769 46.528188
117.420104 46.582071
117.610897 46.600313
117.737174 46.519098
118.316403 46.739505
118.797783 46.689295
119.721897 46.600179
119.90278 46.667585
119.919842 46.893986
119.721934 47.178197
118.773181 47.771149
118.576768 47.987305
118.166237 48.045867
117.813472 48.01619
117.38417 47.641229
117.094763 47.823946
116.81791 47.897609
116.265761 47.87671
115.939058 47.683109
115.589565 47.917205
115.538167 48.150616
115.799316 48.515086
116.06943 48.811345
116.048557 48.873451
116.717959 49.84727
117.100215 49.686547
117.810299 49.52096
118.071356 49.619909
118.483293 49.829102
119.097609 49.99813
119.349544 50.16751
119.36053 50.345356
119.250525 50.445329
119.293248 50.615731
119.452823 50.696059
119.519591 50.896808
119.830015 51.288731
120.093618 51.681887
120.479418 51.878791
120.65371 51.926116
120.781663 52.159787
120.732193 52.26585
120.629047 52.347069
120.716631 52.55551
120.453345 52.643944
120.078182 52.590006
120.036644 52.770517